world: world
x: 25.932628063453
y: 122.0
z: 102.30000001192093
yaw: -358.04736
pitch: 11.099983
name: afk
lastowner: 2d5ba50a-7f1f-3206-a493-294b17e79089
