world: world
x: 44.5
y: 35.0
z: -139.5
yaw: -4.1505098E-4
pitch: -0.7499876
name: bc
lastowner: 26ce962c-9e82-3dc7-96df-baca45db6d3d
