world: world
x: -80.69830467365682
y: 73.0
z: -63.398032922763115
yaw: 269.85132
pitch: 26.099985
name: blackpanther
lastowner: 2d5ba50a-7f1f-3206-a493-294b17e79089
