world: world
x: -54.69999998807907
y: 64.0
z: 41.39288254375858
yaw: -89.69287
pitch: 1.3405084E-5
name: bw
lastowner: 2d5ba50a-7f1f-3206-a493-294b17e79089
