world: world
x: 56.57033896877465
y: 84.0
z: -41.52219758386566
yaw: -269.85138
pitch: 4.500123
name: bw1
lastowner: 26ce962c-9e82-3dc7-96df-baca45db6d3d
