world: world
x: 68.55405499263534
y: 78.0
z: -86.69999998807907
yaw: -359.85052
pitch: 6.750009
name: bw2
lastowner: 26ce962c-9e82-3dc7-96df-baca45db6d3d
