world: world
x: -15.30215604993282
y: 75.0
z: -107.48444542327648
yaw: -269.85065
pitch: 2.400026
name: bw3
lastowner: 26ce962c-9e82-3dc7-96df-baca45db6d3d
