world: world
x: -83.6522301353271
y: 65.0
z: -9.301287150592543
yaw: -179.85095
pitch: 3.0000403
name: bw4
lastowner: 26ce962c-9e82-3dc7-96df-baca45db6d3d
