world: world
x: 103.69999998807907
y: 56.0
z: -21.345564736787495
yaw: -270.00037
pitch: 2.8500407
name: bw5
lastowner: 26ce962c-9e82-3dc7-96df-baca45db6d3d
