world: world
x: 36.472327151877074
y: 65.0
z: -74.4449563491137
yaw: 180.00162
pitch: 1.7999936
name: crates
lastowner: 2d5ba50a-7f1f-3206-a493-294b17e79089
