world: world
x: -50.51025019266997
y: 66.0
z: 74.43763322560417
yaw: 0.0011186987
pitch: 1.9499804
name: donate
lastowner: 8f43df63-6c7e-3a4d-a9ca-d32e108d3270
