world: world
x: 32.5
y: 69.0
z: 85.5
yaw: -44.849762
pitch: 0.9000093
name: enchant
lastowner: 2d5ba50a-7f1f-3206-a493-294b17e79089
