world: ASkyBlock
x: -48.69999998807907
y: 1.0
z: -151.30000001192093
yaw: -133.61218
pitch: 12.505165
name: event
lastowner: 8f43df63-6c7e-3a4d-a9ca-d32e108d3270
