world: world
x: 95.56021777775032
y: 68.0
z: -33.510985912506
yaw: 89.5506
pitch: 2.849969
name: fish
lastowner: 2d5ba50a-7f1f-3206-a493-294b17e79089
