world: world
x: -63.763744143628955
y: 94.0
z: -34.551468165572096
yaw: -89.40442
pitch: 7.1999454
name: fix
lastowner: 26ce962c-9e82-3dc7-96df-baca45db6d3d
