world: world
x: 73.69999998807907
y: 65.0
z: 38.30000001192093
yaw: 58.65204
pitch: -3.1500134
name: ghostrider
lastowner: 2d5ba50a-7f1f-3206-a493-294b17e79089
