world: world
x: -36.699999988079064
y: 64.0
z: 53.69999998807907
yaw: 247.65149
pitch: -0.3000459
name: hulk
lastowner: 2d5ba50a-7f1f-3206-a493-294b17e79089
