world: world
x: 47.69999998807907
y: 65.0
z: -40.30000001192093
yaw: 134.85205
pitch: 0.600002
name: kecuop
lastowner: 2d5ba50a-7f1f-3206-a493-294b17e79089
