world: world
x: -53.5
y: 72.0
z: -15.5
yaw: -270.44888
pitch: 0.299991
name: mine
lastowner: 2d5ba50a-7f1f-3206-a493-294b17e79089
