world: pvp
x: -58.43322098749067
y: 17.0
z: 11.525792016278674
yaw: -90.30014
pitch: -0.15000468
name: pvp
lastowner: 2d5ba50a-7f1f-3206-a493-294b17e79089
