world: world
x: 22.56482306533523
y: 47.0
z: 57.53468578724514
yaw: 269.40195
pitch: -1.6499971
name: tmm
lastowner: 26ce962c-9e82-3dc7-96df-baca45db6d3d
