world: world
x: -72.5
y: 118.0
z: -74.5
yaw: -131.54915
pitch: 20.099981
name: top
lastowner: 2d5ba50a-7f1f-3206-a493-294b17e79089
