world: world
x: 67.5
y: 65.0
z: -60.5
yaw: -18.299782
pitch: -3.3000176
name: trade
lastowner: 2d5ba50a-7f1f-3206-a493-294b17e79089
